408 204
3 6
3 3 3 3 3 3 3 3 3 3 3 3 3 3 3 3 3 3 3 3 3 3 3 3 3 3 3 3 3 3 3 3 3 3 3 3 3 3 3 3 3 3 3 3 3 3 3 3 3 3 3 3 3 3 3 3 3 3 3 3 3 3 3 3 3 3 3 3 3 3 3 3 3 3 3 3 3 3 3 3 3 3 3 3 3 3 3 3 3 3 3 3 3 3 3 3 3 3 3 3 3 3 3 3 3 3 3 3 3 3 3 3 3 3 3 3 3 3 3 3 3 3 3 3 3 3 3 3 3 3 3 3 3 3 3 3 3 3 3 3 3 3 3 3 3 3 3 3 3 3 3 3 3 3 3 3 3 3 3 3 3 3 3 3 3 3 3 3 3 3 3 3 3 3 3 3 3 3 3 3 3 3 3 3 3 3 3 3 3 3 3 3 3 3 3 3 3 3 3 3 3 3 3 3 3 3 3 3 3 3 3 3 3 3 3 3 3 3 3 3 3 3 3 3 3 3 3 3 3 3 3 3 3 3 3 3 3 3 3 3 3 3 3 3 3 3 3 3 3 3 3 3 3 3 3 3 3 3 3 3 3 3 3 3 3 3 3 3 3 3 3 3 3 3 3 3 3 3 3 3 3 3 3 3 3 3 3 3 3 3 3 3 3 3 3 3 3 3 3 3 3 3 3 3 3 3 3 3 3 3 3 3 3 3 3 3 3 3 3 3 3 3 3 3 3 3 3 3 3 3 3 3 3 3 3 3 3 3 3 3 3 3 3 3 3 3 3 3 3 3 3 3 3 3 3 3 3 3 3 3 3 3 3 3 3 3 3 3 3 3 3 3 3 3 3 3 3 3 3 3 3 3 3 3 3 3 3 3 3 3 3 3 3 3 3 3 3 3 3 3 3 3 3 3 3 3 3 3 
6 6 6 6 6 6 6 6 6 6 6 6 6 6 6 6 6 6 6 6 6 6 6 6 6 6 6 6 6 6 6 6 6 6 6 6 6 6 6 6 6 6 6 6 6 6 6 6 6 6 6 6 6 6 6 6 6 6 6 6 6 6 6 6 6 6 6 6 6 6 6 6 6 6 6 6 6 6 6 6 6 6 6 6 6 6 6 6 6 6 6 6 6 6 6 6 6 6 6 6 6 6 6 6 6 6 6 6 6 6 6 6 6 6 6 6 6 6 6 6 6 6 6 6 6 6 6 6 6 6 6 6 6 6 6 6 6 6 6 6 6 6 6 6 6 6 6 6 6 6 6 6 6 6 6 6 6 6 6 6 6 6 6 6 6 6 6 6 6 6 6 6 6 6 6 6 6 6 6 6 6 6 6 6 6 6 6 6 6 6 6 6 6 6 6 6 6 6 6 6 6 6 6 6 
27	43	140
88	42	106
71	80	202
158	129	15
125	149	93
13	158	180
166	146	23
12	65	153
147	199	17
4	180	99
84	113	103
146	51	150
75	30	160
163	49	87
29	192	2
159	74	104
18	95	157
86	116	132
102	166	81
121	60	185
156	203	56
63	32	36
191	106	196
107	128	21
177	48	181
151	71	80
119	12	69
134	145	164
69	54	25
111	39	33
114	204	187
93	38	188
168	105	8
122	98	163
67	36	5
43	186	18
202	66	131
162	107	126
85	163	137
72	41	48
170	27	149
126	79	179
99	25	161
34	122	63
144	22	146
157	150	183
79	175	62
80	40	192
90	33	75
161	46	73
81	108	34
62	2	19
77	144	54
21	73	53
197	72	195
40	156	78
50	92	138
36	4	184
155	23	42
65	26	177
47	187	6
153	3	27
57	134	127
28	200	14
184	137	154
39	117	128
94	13	39
145	21	122
92	82	57
59	174	200
2	11	125
186	119	109
58	148	169
109	55	1
175	8	145
44	132	32
98	191	83
140	138	156
46	56	123
169	87	28
22	96	203
37	152	112
174	37	12
20	29	197
32	20	29
53	19	143
61	88	90
8	75	35
181	198	55
115	126	10
10	159	98
203	115	85
171	161	191
135	10	7
31	103	134
26	85	141
173	1	114
128	197	198
7	64	118
103	141	76
108	86	61
74	17	116
101	196	22
19	91	105
6	167	45
190	123	129
117	31	108
130	97	155
14	151	92
127	50	88
131	184	170
106	125	101
138	136	120
66	93	144
82	70	38
55	157	107
150	176	82
204	58	37
15	133	91
97	15	44
83	140	130
142	135	95
104	77	52
194	59	199
35	104	142
17	139	11
110	162	9
176	142	148
120	57	47
60	62	124
116	188	51
48	194	162
11	9	194
24	118	77
188	124	110
198	61	74
89	47	68
192	45	113
5	16	72
136	5	102
118	155	71
56	153	182
9	181	96
149	202	84
199	63	4
164	114	172
100	170	117
137	110	97
165	24	151
96	185	26
112	69	168
113	6	67
132	164	13
189	165	41
180	147	176
167	121	60
179	7	89
148	177	173
139	183	186
183	67	20
73	172	50
30	168	193
87	179	59
68	131	58
129	154	64
160	112	46
33	18	16
123	160	121
172	89	147
185	44	3
78	94	43
154	81	119
200	127	189
52	68	66
51	143	201
70	99	100
38	53	94
152	83	49
178	111	135
201	173	24
64	178	30
187	182	139
45	76	159
41	78	31
195	189	70
23	109	79
133	34	175
91	100	174
49	130	111
42	90	158
3	190	165
95	28	86
1	101	178
76	102	152
124	14	204
25	84	65
54	169	136
143	171	190
16	201	167
196	52	115
182	120	133
105	193	40
141	195	171
193	35	166
84	69	187
27	150	193
201	8	124
71	9	28
192	181	95
146	151	62
20	128	83
91	20	9
15	88	185
18	202	133
89	142	37
198	170	189
77	71	159
101	156	183
120	126	34
130	122	197
43	144	33
121	189	45
62	26	74
196	168	19
180	58	117
173	149	90
92	89	203
187	24	127
75	104	64
134	4	88
124	38	3
169	83	161
190	93	198
159	201	195
151	124	93
57	43	147
40	153	170
6	194	57
154	65	160
50	154	23
79	135	141
145	91	108
109	19	130
85	130	162
106	90	135
117	166	144
66	49	47
140	191	89
164	101	110
150	197	101
125	87	188
141	73	65
11	78	24
97	164	131
37	48	94
32	127	164
107	64	16
152	79	2
58	173	6
29	3	139
21	161	70
165	167	129
166	136	148
155	177	7
22	34	167
193	118	174
73	119	17
51	172	27
103	11	118
64	115	140
72	121	109
26	47	128
83	184	55
131	169	11
175	45	59
69	30	132
13	178	31
170	75	21
5	86	20
94	31	143
111	56	84
110	42	168
135	174	184
68	41	152
167	112	40
33	29	97
168	175	169
186	10	155
46	61	32
139	55	116
137	195	172
203	187	58
204	17	201
45	53	69
149	200	71
179	114	5
47	109	102
8	70	22
127	145	35
4	94	173
184	85	46
44	186	125
163	157	200
93	77	26
19	12	100
61	62	181
52	25	15
100	105	87
30	40	61
42	193	115
176	46	126
136	76	73
142	50	190
7	183	199
147	84	98
1	147	52
54	33	158
99	106	165
3	97	166
12	159	138
195	125	25
144	1	85
105	32	41
104	72	157
200	141	105
188	103	80
38	39	77
56	140	178
31	165	43
133	160	48
98	57	150
14	110	49
132	14	119
25	66	86
34	132	137
108	123	14
86	198	114
171	44	142
95	7	120
35	22	76
55	133	186
82	36	8
76	52	54
181	28	176
90	185	67
119	176	112
24	82	91
78	81	50
174	192	146
16	188	149
162	199	30
88	18	81
67	107	175
197	37	4
191	35	122
189	203	99
81	152	180
178	163	121
59	63	154
17	131	78
113	108	63
63	137	153
143	21	38
65	117	194
74	67	1
60	23	111
153	102	134
2	74	39
53	51	103
9	113	51
28	92	82
194	179	182
158	100	92
199	13	56
118	16	79
156	95	36
36	2	145
126	5	202
128	134	44
185	138	75
114	120	177
183	98	179
80	15	66
115	96	12
102	116	60
129	182	10
202	180	171
48	171	68
10	162	42
148	155	53
161	60	136
177	204	72
123	148	13
172	129	196
112	68	104
39	196	123
157	80	204
160	158	96
138	6	191
41	139	151
96	111	107
122	190	106
23	54	192
116	143	29
49	27	18
182	59	163
87	99	113
70	146	156
193	316	97	322	74	365
71	368	52	377	15	258
191	319	62	260	170	231
10	300	58	230	145	354
139	279	140	378	35	296
105	238	152	399	61	259
99	314	157	339	94	264
88	298	75	207	33	342
143	370	133	208	127	212
91	389	94	288	90	386
133	253	71	269	126	274
8	320	27	305	83	384
6	277	67	374	153	393
109	332	195	333	64	336
119	213	120	383	4	307
199	350	139	375	167	257
126	360	102	293	9	267
17	214	167	352	36	405
104	305	86	243	52	224
84	211	85	212	160	279
54	261	68	363	24	278
81	265	45	340	103	298
186	403	59	366	7	240
134	347	149	228	180	253
196	334	43	307	29	321
96	272	60	223	150	304
1	206	41	405	62	268
64	371	192	344	80	208
15	260	84	286	85	404
162	309	13	276	181	351
95	329	107	280	184	277
85	256	22	323	76	289
167	286	49	317	30	221
44	335	187	265	51	219
125	340	204	355	88	299
58	377	35	342	22	376
82	255	83	354	118	215
177	327	32	231	115	363
66	396	30	327	67	368
56	237	48	309	202	285
184	400	40	284	154	323
190	310	2	282	59	389
36	221	1	236	171	329
76	302	170	338	120	379
183	294	138	275	105	222
79	289	50	311	166	301
61	297	137	272	129	247
132	388	25	255	40	330
189	405	14	247	178	332
57	240	110	313	161	348
175	268	12	369	131	370
174	307	200	343	123	316
86	369	177	294	54	390
197	317	29	403	53	343
116	341	74	290	89	273
142	328	79	281	21	374
63	236	129	331	69	238
73	259	118	225	164	292
70	359	124	406	163	275
130	366	20	391	156	385
87	306	136	289	101	309
52	223	130	306	47	210
22	362	145	359	44	361
181	270	99	257	165	229
60	364	8	239	196	252
114	247	37	334	174	383
35	353	160	365	152	345
164	284	174	395	137	388
29	276	151	205	27	294
176	408	115	298	185	261
3	208	26	217	141	295
40	271	55	324	139	392
161	267	54	252	50	312
102	365	16	368	136	223
13	229	88	278	49	380
194	343	183	312	100	340
53	217	123	304	134	327
171	348	184	253	56	360
47	241	42	258	186	375
48	383	3	397	26	326
51	357	172	348	19	352
115	342	69	347	117	371
121	273	178	232	77	211
11	205	196	315	144	281
39	244	96	301	92	322
18	337	101	279	192	334
163	407	80	251	14	308
2	352	87	213	110	230
137	215	169	227	157	248
49	345	190	245	87	226
188	212	104	242	119	347
69	227	57	371	109	373
32	304	114	233	5	235
67	280	171	300	177	255
192	339	17	376	122	209
150	401	81	384	143	398
120	254	108	319	148	286
77	331	34	382	91	315
43	318	176	407	10	356
147	308	188	373	176	305
103	218	193	249	112	250
19	385	194	367	140	297
100	269	95	326	11	369
123	324	125	229	16	395
202	323	33	308	104	325
112	245	23	318	2	402
24	257	38	353	116	401
101	336	51	361	107	242
74	243	186	297	72	271
127	282	148	332	135	249
30	281	179	401	189	366
151	395	166	285	82	346
152	361	11	370	138	407
31	381	146	296	97	337
90	384	92	270	200	310
131	404	18	385	102	290
107	246	66	364	147	225
141	375	134	266	99	269
27	346	72	267	172	333
129	219	201	381	113	339
20	222	156	271	168	358
34	402	44	220	68	355
168	393	106	336	79	396
195	231	135	235	130	207
5	251	112	321	71	302
42	378	90	219	38	311
110	299	173	256	63	228
98	379	24	211	66	272
165	386	4	394	106	262
108	220	189	244	121	243
111	274	164	360	37	254
153	333	76	335	18	276
187	330	119	341	201	214
28	230	63	379	95	367
94	283	122	241	179	245
140	312	113	263	197	391
148	291	65	362	39	335
113	399	78	380	57	320
159	290	126	400	182	260
78	248	121	328	1	270
203	252	100	325	96	241
122	313	128	215	125	338
198	363	175	404	86	280
45	322	53	221	114	246
68	242	28	299	75	377
12	210	7	408	45	349
9	315	155	316	169	236
158	390	73	393	128	263
144	295	5	226	41	350
117	250	46	206	12	331
26	235	109	210	149	400
178	258	82	357	194	284
62	367	142	237	8	362
172	239	165	240	65	359
59	264	141	390	108	288
21	376	56	218	78	408
46	397	116	303	17	324
4	373	6	398	190	317
16	234	91	320	183	217
166	398	168	330	13	239
50	391	93	261	43	232
38	351	127	389	132	244
14	303	39	358	34	406
146	249	153	254	28	256
149	262	154	329	191	318
7	263	19	246	204	319
156	285	105	262	199	265
33	287	162	224	151	282
80	232	197	274	73	287
41	278	147	216	111	237
93	338	198	388	203	387
169	394	161	268	146	291
97	226	180	259	158	300
83	349	70	283	188	266
75	275	47	287	187	353
128	311	117	346	155	344
25	392	158	264	60	381
179	358	181	277	193	328
157	296	163	372	42	382
155	225	10	387	6	357
89	344	143	209	25	306
201	406	182	386	142	372
160	382	159	314	46	218
65	301	111	273	58	283
170	380	150	345	20	213
72	288	36	302	159	341
182	228	61	292	31	205
135	326	131	350	32	251
154	356	185	222	173	216
106	233	191	402	198	313
23	355	77	248	93	399
138	209	15	349	48	403
204	266	202	310	162	206
124	372	132	238	133	364
185	321	203	291	55	234
200	224	103	396	23	394
55	354	98	250	84	220
136	216	89	337	98	233
145	374	9	351	124	314
173	325	64	295	70	303
180	207	199	234	175	293
37	387	144	214	3	378
92	292	21	356	81	227
118	293	31	392	195	397
