136 92
30 19
30 30 28 28 7 7 11 11 9 9 4 4 8 8 12 12 8 8 7 7 12 12 10 10 12 12 11 11 10 10 7 7 10 10 10 10 13 13 7 7 8 8 11 11 12 12 5 5 6 6 6 6 1 1 1 1 1 1 1 1 1 1 1 1 1 1 1 1 1 1 1 1 1 1 1 1 1 1 1 1 1 1 1 1 1 1 1 1 1 1 1 1 1 1 1 1 1 1 1 1 1 1 1 1 1 1 1 1 1 1 1 1 1 1 1 1 1 1 1 1 1 1 1 1 1 1 1 1 1 1 1 1 1 1 1 1 
19 19 19 19 19 19 19 19 3 3 8 8 9 9 7 7 10 10 9 9 7 7 8 8 7 7 6 6 7 7 7 7 6 6 6 6 6 6 6 6 6 6 6 6 5 5 5 5 6 6 5 5 5 5 4 4 5 5 5 5 5 5 5 5 5 5 5 5 5 5 5 5 5 5 4 4 5 5 5 5 4 4 5 5 4 4 5 5 5 5 4 4 
1	3	5	8	10	12	14	15	17	20	24	25	28	29	31	36	39	42	45	49	54	57	61	66	70	74	78	82	86	90
2	4	6	7	9	11	13	16	18	19	23	26	27	30	32	35	40	41	46	50	53	58	62	65	69	73	77	81	85	89
2	6	8	9	11	15	17	19	21	24	25	31	33	37	40	44	47	52	56	59	64	67	72	75	80	84	88	92
1	5	7	10	12	16	18	20	22	23	26	32	34	38	39	43	48	51	55	60	63	68	71	76	79	83	87	91
1	4	6	22	48	54	68
2	3	5	21	47	53	67
2	4	7	11	18	27	34	41	49	80	84
1	3	8	12	17	28	33	42	50	79	83
3	6	7	16	22	49	54	58	86
4	5	8	15	21	50	53	57	85
1	4	6	44
2	3	5	43
1	6	7	13	51	55	72	92
2	5	8	14	52	56	71	91
3	6	8	16	21	28	39	51	64	70	80	90
4	5	7	15	22	27	40	52	63	69	79	89
3	6	8	16	22	40	55	82
4	5	7	15	21	39	56	81
2	4	6	42	78	84	90
1	3	5	41	77	83	89
2	6	7	13	20	26	32	39	47	62	78	92
1	5	8	14	19	25	31	40	48	61	77	91
1	3	7	14	20	25	34	42	49	68
2	4	8	13	19	26	33	41	50	67
2	3	7	12	18	24	30	38	45	65	72	78
1	4	8	11	17	23	29	37	46	66	71	77
2	5	8	13	19	25	32	37	45	61	75
1	6	7	14	20	26	31	38	46	62	76
4	6	8	15	21	35	51	59	66	74
3	5	7	16	22	36	52	60	65	73
2	3	6	29	54	69	74
1	4	5	30	53	70	73
2	3	7	11	17	23	30	36	44	88
1	4	8	12	18	24	29	35	43	87
4	6	7	14	19	29	36	45	70	82
3	5	8	13	20	30	35	46	69	81
1	6	7	14	20	26	32	38	47	59	73	84	88
2	5	8	13	19	25	31	37	48	60	74	83	87
2	4	6	17	38	58	79
1	3	5	18	37	57	80
2	6	7	14	19	28	34	44
1	5	8	13	20	27	33	43
2	3	7	12	18	23	30	35	44	58	68
1	4	8	11	17	24	29	36	43	57	67
2	3	8	12	18	23	33	41	49	63	72	90
1	4	7	11	17	24	34	42	50	64	71	89
1	3	23	27	75
2	4	24	28	76
3	5	17	62	66	86
4	6	18	61	65	85
5	7	32	59	64	88
6	8	31	60	63	87
9
10
11
12
13
14
15
16
17
18
19
20
21
22
23
24
25
26
27
28
29
30
31
32
33
34
35
36
37
38
39
40
41
42
43
44
45
46
47
48
49
50
51
52
53
54
55
56
57
58
59
60
61
62
63
64
65
66
67
68
69
70
71
72
73
74
75
76
77
78
79
80
81
82
83
84
85
86
87
88
89
90
91
92
1	4	5	8	11	13	20	22	23	26	28	32	34	37	40	42	44	46	47
2	3	6	7	12	14	19	21	24	25	27	31	33	38	39	41	43	45	48
1	6	8	9	12	15	17	20	23	25	30	31	33	36	40	43	45	47	49
2	5	7	10	11	16	18	19	24	26	29	32	34	35	39	44	46	48	50
1	4	6	10	12	14	16	18	20	22	27	30	32	36	38	40	42	49	51
2	3	5	9	11	13	15	17	19	21	28	29	31	35	37	39	41	50	52
2	4	7	9	13	16	18	21	23	25	28	30	33	35	37	41	43	46	51
1	3	8	10	14	15	17	22	24	26	27	29	34	36	38	42	44	45	52
2	3	53
1	4	54
2	3	7	26	33	44	46	55
1	4	8	25	34	43	45	56
2	13	21	24	27	36	38	42	57
1	14	22	23	28	35	37	41	58
1	3	10	16	18	29	59
2	4	9	15	17	30	60
1	3	8	26	33	39	44	46	49	61
2	4	7	25	34	40	43	45	50	62
2	3	22	24	27	35	38	41	63
1	4	21	23	28	36	37	42	64
3	6	10	15	18	29	65
4	5	9	16	17	30	66
2	4	26	33	43	45	47	67
1	3	25	34	44	46	48	68
1	3	22	23	27	38	69
2	4	21	24	28	37	70
2	7	16	42	47	71
1	8	15	41	48	72
1	26	31	34	35	44	73
2	25	32	33	36	43	74
1	3	22	28	38	52	75
2	4	21	27	37	51	76
3	8	24	42	45	77
4	7	23	41	46	78
2	29	34	36	43	79
1	30	33	35	44	80
3	26	27	38	40	81
4	25	28	37	39	82
1	4	15	18	21	83
2	3	16	17	22	84
2	7	20	24	45	85
1	8	19	23	46	86
4	12	34	42	44	87
3	11	33	41	43	88
1	25	27	35	89
2	26	28	36	90
3	6	21	37	91
4	5	22	38	92
1	7	9	23	45	93
2	8	10	24	46	94
4	13	15	29	95
3	14	16	30	96
2	6	10	32	97
1	5	9	31	98
4	13	17	99
3	14	18	100
1	10	40	44	101
2	9	39	43	102
3	29	37	51	103
4	30	38	52	104
1	22	27	50	105
2	21	28	49	106
4	16	45	52	107
3	15	46	51	108
2	25	30	50	109
1	26	29	49	110
3	6	24	44	111
4	5	23	43	112
2	16	31	36	113
1	15	32	35	114
4	14	26	46	115
3	13	25	45	116
2	30	32	37	117
1	29	31	38	118
3	27	47	119
4	28	48	120
2	20	22	26	121
1	19	21	25	122
4	8	16	39	123
3	7	15	40	124
2	18	36	125
1	17	35	126
4	8	20	38	127
3	7	19	37	128
2	10	50	129
1	9	49	130
4	34	38	52	131
3	33	37	51	132
2	16	20	46	133
1	15	19	45	134
4	14	22	135
3	13	21	136

